Ι 990 '¹ 11111 1101110011210111011111.

ι 01 11111. 0111110111,1111.111 5,17. 11110·ωὰ 1010, 1,112.
011110011011111)8,2,19. 11111111911101111111010111110
Cossutiani 0111101111 1001111101 5,19,49.Ν.1,αι.ι1“ιωρνοαέμ
6,1,14Ν.. . · 11111111111210,11.
00111,1..6,5,10.11,1,67.0111011111.1’1111111110111,Δ1·1110
.11“1“11111111110115,19,20.90911-11111111111012,15,19.29.2,,
borum 1111111 1111111 10111 1011101- 17,15.
1110 imitationem antiquitatis 150111110--11111 10 volumno!
1101111111ς9,10. sagittis 10 face 1110111112, 4, 25. ,
’ 00111, 11. 1111111111, 1100011111 01111011110111111110, 1, 49. ’
⁴ 11111111115,10,09Ν. 0111110111111101111117, 0, 9.
Ι,001110 1, 4, 25- 011110.Ρ1111115, 129. (81111-
01111011. 0111111111 11,2,14. lius 1111112110 210, a, 7611.
01111111, 1.. 0101111, 11, 112-110111111111111110113,1,111
‘ 111110 1111111118. 111191.

’ 11. 11..1,1,1910,1,1.11, 1, curius, 109.. ω... m
1.11.1,.,,11,111101111, ww-

11,4.27.0011111111111111110,5,Μ. 1110111117, 2, M. σ
49111100111011100111180117019 01111112, 1,10.-91111111,1,
injudicio 0111111107, 0. 9. 011110 73. 91.
1100101111111001111110, 9, 44. ο,10,,8,3,84.8,1,14

- 11 lege Servilia ''b- Vfffit 0111111111111111110111111111,
01110111111111111110, 5,2. Vox 30 ·

1111 honestissimae 1151111519,9, 911111,111“1111.011111110 tenuit 111-
89. 11, 1, 97. 11111111111111111110111 11,... ..0...111 11, 2, 50 Ν

11, 9, 8. 1115110 191290 029110 0111111111. 1711111111111.
1111111111,9,94

-1110011101 01111 Asine 1111111191, 1),-
1111111110 011101 1011111111 1111111111

1111 1101111111,111,1111111111111111 111011111211111118,0,19,
111111 eum postulabant, 0111111 11111 1111011. 12, 2, 90.
111111111111111111111,2,50. 01111111001101111111111,91.
011111. 1010101111, 01111110011110 01111111111011151101111110
puerum 11111111, paedagogum 11111 6, 9, 41.

percussit 1, 9, 5. Demades. 11111011, 11111 1111112,
0111111111. pona 10111011, de 1110 1711201100111 1111111010 11011

. 1’11111“1111111111110,1,65. 1111 1111111 2,17,15. 111 egendo

Crispus. 11, 2, 91 0111111011,οΜ10111111111 mn·
-111111111115, 1, 5οΝ. 11111101 surisque 11111111 reliquit 12, 10,
1101111516, 9, 74Ν 0151511100 49.
111101111111111111110 2011111110 nemen. 7, 9, 10. 0, 2, 10.
9111100111011111111110,111. Demetrius. 1101111111 munda.
- Vibius. 0101011111110110 5, 15, rum 1010111, 5, 170.
,48.8,5,15. 17.11051111108,. -211110111112,4,411η. 95104.

 

