...0

Ῐ 010111111110111001,0110010111. ⁴ ’

111) 101. Gessit..- 1111 ‘soii 00011111 (S p. 11111 consiliis) 1. 0113, 8, 62 Ζ.

5 1101010011 1111. 6, 3, 7. 001111001001010111101111 1111. 9,·1208. .
9,4,60.111111’0111111 000000011111904,133.1000010111010.1. ’-

111115, 7, 36. &sesso- 101101 1111100111. 10, 1, 107. 0111111101οῡ00

1 1. 306, 79. os. 6, 1, 1. 6, 3, 75. eorum 1101110101119 49310.

,11101111 11110 propositionis 11111 1. 5, 14, 21. 1011110111 13100111-Ι ,
1001,4,1, 49. qnos josiior 1100110001 so 111 12, 7,10. 1111οὴ11001
6011100)11011011111112,9,7. 10 ism 1111111111 ‘oo 110101 111, 1.,

’ qm ...0. ...010 4, s, o .. 10, 0. 2. 000 ...1. mousson. ,

-11, 3, 18. musico 1000110100 0, 1, 139 Ν. proximo 011010011- 010-
1111. 12, 8, 1’. 111110 1010110011. 1, 5, 35. simplicior 101011101·1.·1011
, 8, 5, 33. 10011110 sois 1. soi 4, Pr. 6. vorbi 1011 iere 1,.10.5,12.

0010011011 000 011 1110111 1. 4, 1, 6. quae 0. 0100101 voris 11111101 ,

10, 2, 27. os. 8, 3, 59. 0) odiis. is: 1101001110 10 1001000 habore 1..
, 5, 7, 10. 011611111101110. 10 1100.1.111010111111111111,· 3, 177. r.
. longior 10 010111 et quaestionibus quom 10 singuiis 1000010111 5., 14,
. 11. 10 00110100111111111111118’,3,19. 0001110110. 0001001111

0011000101100100000 1. 10,1, 17. ssorum 10 isis¹ midias) 11100

dnbio 01111 1. 011 1, 1, 4. ’0010000011010 0011101010οι osso 1. 3, “

’.6, 88. iss 1010 00001100011117, 2, 53101 8, 2,23. 12, 10, 80.

. ‘mdom 1)00101111.·011111 100011100001011,1110010 1010 ’ -

· ’1 11010011 0110101011. 1117, 4, is. 1101000101 s. 12, 1, 45.
10000110 1. 1, 8, 12. 1. 1101011οω5, 13, 1. 11001010 1. 4, mo.
1. 1100100010105, 19. 1. 010111 0011111011 5, 12, 141. 0000111110οἰ1 “
· 8,6, eois. r. 00000110001194, 147. 00110οο00111.110.1119,3,881
110 isaim 01100010101011 1. 1111, 9, 5. ss. 5, 10, 47. 6, 3,.52. ’,
esd. dissimilium 1. ost 6, 3, 63. 1.. &visionis 8, Ρ1. 12. 1. 0001111111

· 5,10, 124. 1100011οώ 1. 8,·Ρο 13. 8, 6,,22. 1001111000 1011100001-

0111 1. 1000011010 11, 1, 36. prooemii 11011 0011001 1. 0, 2, 201 1. vei
0000101101 11100111 111 1110111 voi 0101010011 11, 1, 76. 11010111οο111
1101111011. 110, 5, 2. ,1. 11011 4, 2, 21. os. 13. 108. 6, 3, 10. 1. 110010-

diorum 1, 10, 18. inventionis 1. 12, 5, 1 Ν. 111111.1100010118,3, ,

5910001ιο0 umbrosumque r. 12, 10, 1. 1. 0101010112, 21, 19. 111110- .

ζ 100 1. 9,· 1, 49. 1. mundi 1, 10, 46. 1. opinionis 1010 2, 15. 33ἑ 1. 01- ¹ ·

¹ 001091, i, 60. 1. 010000114,1, 52. nos 1111 111 1. pronuntiationis,
0010101111 0111101111 11,.3, 30.1. 0001 (propositionis) 5.,Ι 14, 5. propo,
1111101109, 2, 1. 1. 101 0, 10, 72. 6, 2, 2.1.,1001111111001 9, 2, 78.

, “ 1. 111010111ωο00008,3,40. 1. sidorum 1, 4,,1. melioris 10 00111100

1001 000 0111 s. 6, 5, 7. imorum) 1. 5, 10, 43. 1. 00011013, 8, 56.
11111 111 1. 11000100 11110111 8, 6, 41101001. l'r. 10. 10, 2, 2. cs. 12,

7, 1. 1. vocis 1, 10, 22. h) Verborum? amgliiooodi minuendique 11-

11001001 9, 2, 3. annuendi 0111000001 1. 11, .,“ 79. 1001111001 1. 1, 6, ’
31. 1. 1100000110οἰ 2, 1, 41. verbo eligendi 0100110010011. 10, 1, 4.

01001001 10011010οᾳ11 1111001111 1. 9, 4, 18. 1. 0000001101 ib. 116.

ἶ ...0100110101 1, 1,,1. .. 00000 o. s. .·. sonmo 1, 111.

- rescindi 10, 3, 31. 1. 01000012, 11, 7111. 0110111011. 11111, 01100
1101101 nonos 011011 12, 11, 18. 1. inveniendi 11010 1111011 disponendi

8, Pr. 1. dividendi, praeparandi, 0101110011. 10, 1, 106. 11001001 (80. ·

100.) 1. Pr. 23 Ζ. 1. 00011011,1,9. 1111111011. 7, ’10,8. 1. ’001110
. 9, 2,Ι 78, 1. loquendi 0,’3, 2, movendi 1. 11, 3, 150 1. aaroni! 010-
1100100011, 10, 59. probando 101010001001 1. 5,13, 56. 1. scribendi 1,
4, 3. 1. 10110003,8, 4.·12, 2, 16. vivendi r. 1, 2, 3. os· 11 supro
11 insto, 1101110110 orio· ³

 

